Saint Moritz
4125.558393795745 10874.819614733724
4052.1250337956176 10734.242814735864
3505.380813795398 10349.20361473138
2953.0743337957065 10053.16241473497
2487.9771737953547 10040.167614735708
2195.1083337947084 10186.13161473445
1983.310153795385 10261.224814735215
1886.4173137955106 10215.724814736292
1838.201453795196 10006.46121473494
1865.004053795103 9585.713614734743
1905.1503137953134 9320.903614736038

Andys Double Gold
3269.345013795426 8424.298814733049
3083.1678137944878 8395.943214735325
2868.747013795233 8343.38161473147
2562.2751337953473 8310.039214734956

Ralphies
3241.908373794253 9068.578814735814
2924.6001737946954 8951.152414734337
2544.377913795073 8850.761214735372

Patrolmens
2989.4451737948 10821.311614734328
2853.4724137948897 10964.80041473518
2709.1130337952663 11098.279214735441
2533.397493795765 11141.668014735558
2361.8608537959517 11211.738014734521
2311.656413794924 11291.818014734075

Saint Anton
6631.8896937955205 10366.1296147352
6509.721713795159 10035.435614732138
6350.664133795784 9973.082414735416
6023.902973794291 9687.160414733115
5712.09939379558 9301.866414733411
5361.187073794448 8769.261614732159
5019.381873795307 8134.554814735225
4733.055173795345 7703.1784147349645
4410.76111379486 7361.7464147331475
4096.9689537954355 7299.174814733874
3675.274713794444 7184.47841473585
3365.920833795691 7122.926014732968
3222.541333795232 7160.126814733189
2964.1412137960247 7489.000814735675
2677.641593796089 7952.445614735666
2452.7014937947242 8268.506814733257

Powder Bowl
4543.102553795337 8601.49401473467
4235.564333795277 8424.626414734292
3925.922253795204 8444.646414735473
3476.1573337958694 8988.571614731938
3283.6973737952308 9158.74161473164
3061.9274737961005 9252.18041473471

Gus Pasture
1632.138453795318 9851.870414736255
1661.3042937962205 9754.973614731569
1753.1536337944942 9373.356014736033
1784.682713794345 9301.2112147361

Blue Ox
3084.262973794999 8244.446414734
2875.0874137956075 8050.070414733341
2682.6274537949685 8055.057214732131

Gravy Chute
3996.675353794727 9255.638414731151
3848.5981937946603 9244.172414734237
3742.3388537959086 9159.433214731962
3711.5014537959496 8938.012014733375
3708.936473794644 8834.126414734954

Main Park
2573.140273795356 9990.008414734064
2165.2219937956247 9436.073214731834

Broadway
3765.0778337954266 10239.821614733388
2202.399793795958 8821.6412147313

Stump Alley
2937.943833794999 9979.85281473177
2042.621713794307 9245.701214731413

Glades
4026.302313794875 9442.04281473435
3814.7346937961984 9559.505614733665
3632.649933795986 9668.450814731728
3344.7957737945558 9662.044414734453

Mambo
3360.733233794454 10818.181214733955
3183.605513794832 10889.488814731863
3061.0628737962356 10806.496814734488
2920.8823937942525 10739.775614733277
2746.204373794589 10658.021214734845
2599.1070937957347 10636.909214731248
2427.945113796204 10609.754814734628
2288.3698537951504 10708.36241473603
2189.8342737945086 10716.880014732113
2036.6559737962632 10660.532814735745
1957.4009737956799 10525.525214733136
1895.293873794806 10351.27841473235
1843.6772537957054 10332.059214735353
1793.1269737947318 10386.258814735073
1735.2852337945565 10550.168014734027
1616.0857137961202 10780.361614734262
1452.9068737956834 10942.70561473303
1378.9547537956366 11265.71921473169
1392.673073796223 11722.029614736242
1482.5050137954945 12048.064414731414
1597.2374337949702 12217.06961473302

Terry's Run
4206.110293795102 8089.27321473368
3894.9119337952725 7830.651214734871
3562.819073794954 7459.407614733835
3317.0132937954845 7421.879214732371
3055.500613794716 7684.650814733118
2749.576313795086 7914.080014732179

Phantoms Escape
2091.0104937945944 10749.203214732233
1975.8745937944993 10791.900414732027
1854.0524537961319 10858.112014732455
1670.6419737947613 10900.80921473225
1574.0085137958702 11055.327214735258
1519.1064137952353 11330.620414732322
1545.246153795587 11526.670814731859
1623.6941937949312 11822.82121473213

Jills Run
1925.3243137955735 10278.988014735887
1757.9953937957853 10338.793214733869
1622.7719537943926 10343.052014734496
1577.2651737950198 10276.840414734068
1585.2771337944503 10059.022814733624
1632.138453795318 9851.870414736255

Forest Trail Park
3366.526053794573 10682.846014735276
3199.168313794448 10645.317614733813
3000.425593796156 10499.317214732058
2707.5567537955094 10445.0812147345
2485.29691379475 10224.024014734994
2297.015853795847 9957.06641473447
2079.972433794613 9731.823214735186
1970.1682337953912 9519.101614732223

Wall
4423.470733795945 9642.716014733594
4164.061913795189 9862.972414734088
3889.9837137950185 9979.74361473308
3651.4982137950883 9976.431214733168

Fascination
3559.8217937947397 8765.002814731532
3237.6718337959387 8701.594014735405
2890.39083379424 8681.574014734224
2490.8303537959328 8541.434014731123

Sesame Street West
2975.179273796006 6759.399214734174
2872.0901337953933 6770.064414732076
2816.064053795958 6795.071214732047
2730.382193796038 6795.071214732047
2574.0048737952206 6791.649614733444
2405.8401737959043 6793.360414735333
2283.7298337962166 6930.042414731644
2214.1295337958313 7170.937614732793
2099.512393795655 7451.14481473297
2095.247033794956 7654.438814731804
2063.112733796224 8061.063214732485

Easy Over
2514.4051137949787 10345.090414732455
2390.104453794268 10605.896414736093
2275.948433795385 10918.972814735014
2217.530293794617 11381.944414732061

Knee Deep
3291.9398937953074 11507.30601473316
3214.0394337962193 11721.119614733369
3085.4445937944733 11932.057614733594
2902.495233794396 12033.176814735896
2775.687233795101 12004.275214734378
2647.0923937954026 11903.156014732076

Critters
4036.245213794345 4490.514414735288
3910.503553795225 4625.121614735804
3831.0468137943317 4844.213214733031
3745.0191137944657 5116.084814731494
3675.5052737950905 5372.122414733723
3607.6629937947714 5477.682414736193
3478.578213795491 5591.214014736124
3208.851833794982 5675.662014734997

Commin Through
3637.8951737958487 7140.325214734559
3391.9741137950323 6828.741214734975
3200.638133795242 6564.768414733124
3045.5000737945725 6280.193214733628
2892.0623937953437 6145.731614734814
2789.463193794313 6114.063614732004
2693.492593794977 6106.1648147353935

Stump Alley
3808.3078337948136 10676.439614732828
1902.181853795436 12231.88441473286
1823.3879737961458 12282.189214736207
1707.04163379624 12356.481614732786
1637.4413337958545 12388.732014732057
1623.0025137950392 12391.971614736292
1621.3021337956461 12381.670414732298
1628.939433794794 12364.999214734042

Lower Dry Creek
4088.8417137946576 13379.61281473497
3918.544333794992 13442.075214735552
3855.630273794927 13430.718414732155
3735.7390737945507 13389.076814731765
3669.856553794608 13375.827214732111
3595.414493794979 13374.880814731398
3519.819633796213 13357.918414734911
3451.0551137953557 13356.899214733347
3401.196513794274 13345.54241473512
3332.345533794454 13309.178814731751
3249.7185937954214 13266.008414734188
3197.756133794327 13209.479214733108
3073.5995737953003 13089.723214735443

Drop
3056.4516737955914 12255.653614733888
2922.40985379572 12478.130414731879

Lost In The Woods
4624.778433795543 14766.052414733394
4471.571313794912 14706.429214734953
4248.043393795716 14670.502414731516
4138.815593795039 14683.388014732089
4055.583433795077 14693.070414731437
3789.5171937943373 14774.315214734259
3619.709753794254 14679.529614733554
3452.6978537961227 14507.976414733206
3234.789833795024 14345.450414734898
3033.8279737953726 14336.42321473286
2838.5436537944925 14232.57401473228
2674.3849337948914 14002.344014734206
2569.3072137956137 13861.184814734714
2433.6514737953125 13801.998414736205
2338.603113794467 13748.381214732944
2286.4389137951107 13667.027214731434

Lodgepole
4411.913913796045 5387.956414735128
4188.501273796148 5512.00761473126
4009.788453794384 5591.214014736124
3864.1609937942762 5628.160014735954
3721.847833796039 5738.998014735444
3586.163273795401 5966.024814732293
3486.8783737962417 6203.571214735689
3395.8648137954483 6319.7236147352105

New Critters
4282.829133794717 5219.024014734373
4104.116313795001 5271.804014735608
3917.1033337945346 5300.851214733655
3802.9184937953146 5332.519214731292
3710.262193795802 5414.346414735746

Comeback Trail
3809.921753795244 12901.571614732518
3755.855433796185 12817.232814732335
3596.5672937961644 12635.52401473487
3485.1491737944643 12603.128014733898
3324.8523337949423 12556.062814734787
3093.9176737951966 12588.568014734448
2973.9111937955213 12574.11721473369
2802.8933137956274 12469.649214733636
2600.749833794454 12359.86681473355
2466.016333794691 12334.314014734957
2156.230153794982 12394.992814732803
1956.3058137951684 12310.290014733539
1823.3879737961458 12282.189214736207

White Bark Ridge
4357.530573795329 4370.86761473114
4238.042853795572 4243.285614732542
4127.258773795138 4151.739614736072
3829.8940137951945 3837.280014731334
3587.5178137948483 3533.1216147357623
3435.6075937950395 3430.0004147333425

Sant Moritz
2923.043893794939 11173.991214735679
2829.9841137948065 11065.118814733296
2747.2418937944267 10939.720814734357
2639.685653794854 10784.656814732727
2519.707993795515 10692.273614734233
2391.4878137960995 10685.685214732246

Rogers Ridge
3938.6030537959527 11319.518414734488
3730.292093794378 11449.539214733137
3625.243193795437 11666.228414733325
3605.2997537958236 11819.363214735688
3616.1937137961686 12015.850414735156
3578.1513137959705 12348.109614733232
3485.1491737944643 12603.128014733898

Lower Road Runner
3435.6075937950395 3430.0004147333425
3348.3406337950255 3455.7716147344877
3138.2716537954325 3837.280014731334
3028.3809937952 4172.378414731555
2986.3614337956237 4440.428014734493
2912.034653795294 4646.670414734161
2873.2429337945305 4811.635214732519
2915.2624937961546 5105.492414734443
2922.8133337942922 5115.429614734183
3037.9204137960983 5263.031614733962
3043.68441379588 5373.323614734829
3041.811113794466 5611.124814733444
3039.303773795882 5786.936814734418
3000.742613795765 5980.7304147334435
2921.660533795155 6109.914014735239

Ponderosa
3650.691253795897 5757.489214734278
3513.3351337962026 5823.482414732154
3380.964873795388 5915.8656147358215
3187.352113795612 6166.625214735859

Easy Rider
3809.921753795244 12901.571614732518
3606.049073794341 12856.472014735686
3365.488533794735 12879.040014735609
3088.1248537950783 12960.321214736268
2853.2130337959543 13109.30641473152
2672.0793337945693 13163.469614733402
2524.8955937947044 13095.765614733637
2360.7368737951033 13000.943614735093
2253.209453795867 12987.402814732035
2100.6363737944553 12865.280814735172
1915.813713795012 12699.296814735248
1781.1666737962596 12525.523214732231
1807.4216937959109 12498.587214732994

Wall Street
5063.04417379565 15086.918414735408
4964.998533794591 14663.040414734838
4942.9512337949645 14619.28761473564
4860.266653795259 14455.342014733673
4619.360273795706 14242.47481473418
4390.068353794681 14016.758414731954
4155.156533795556 13813.57361473181
3945.692773794845 13669.102014732402
3809.8352937962813 13637.506814735616
3597.5759937956655 13691.670014732324
3419.2666537945215 13781.978414735022
3291.882253794634 13822.600814733847
3051.321713795028 13777.464814734003
2952.267373794467 13741.356014736197
2742.83243379614 13678.12921473444
2553.1968337957424 13587.857214734755
2414.51499379489 13493.03521473621
2296.98703379551 13411.644814731688

Secret Spot
4136.942293795672 4347.644414733906
3820.21049379466 4419.825614731679
3648.9044137954934 4476.536814732299
3509.9343737953686 4641.50161473583
3354.7963137946995 4821.93641473134
3219.0541137954356 4935.358814732581
3170.5788737961852 5028.142414733167
3128.559313794561 5265.28841473447

Bristlecone
4363.928613794329 6601.496014735574
3977.106573795396 6545.403614734425
3776.4617337953537 6621.261214731192
3493.074673794932 6528.878014732698
3346.2079537946765 6387.0272147328815

South Park
4942.9512337949645 14619.28761473564
4624.778433795543 14766.052414733394
4546.762693795106 14801.94281473382
4224.093973794339 15117.967614733572
3994.2544737951052 15474.46921473562
3915.5758737951146 15596.518414731634
3618.3840337951438 16111.178014732672
3491.028453795593 16422.689214731407
3236.288473796155 17036.684414732008
3057.9791337950114 17397.845214731602
2864.568113795545 17860.45281473474

Gibs Galore
3775.7988737957985 15297.892814733474
3603.138253795137 15665.751214733746
3448.259573795451 15966.051214735955
3348.08125379609 16227.876414735987
3287.818633794245 16334.419214731839
3181.1558137948737 16402.450814732845
3079.1330137944356 16516.38281473487
2966.936753795929 16744.174014732893
2902.9275337953522 17040.069614732773
2870.476213794963 17227.930014732294
2809.2625337942904 17358.132814735654
2746.204373794589 17528.230014734505
2661.790593795153 17719.075214732697

Side Show
4903.756033795629 15997.20961473281
4829.22751379499 16019.158814733259
4719.250393795795 16073.72241473206
4536.618053795327 16234.501214735814
4280.638813795741 16477.47121473276
4179.077133794549 16686.69841473627

Hansel
2842.981933795164 18898.944814735387
2961.4609537954193 19028.5288147341
3013.913353796096 19147.302014733214
3027.458753794662 19409.16361473626
3003.7687137942685 19611.65681473608
2986.822553794869 19822.194414734215
3024.0579937958755 19973.400014732135
3098.5288737958413 20111.064814732174
3137.032393795285 20246.03601473177
3243.0611737954378 20552.342014734335

Clover Leaf
4145.155993795413 19263.818414731817
4104.894453795903 19588.542814732362
4038.1761537943844 19932.923214735012
3978.951053794425 20238.61041473293
3880.7613137957774 20691.68121473325
3846.2349537957125 20882.235214733213
3827.242573794926 20998.42401473575

Sleepy Hollow
7261.17439379581 18999.736414731273
7262.78831379624 19088.406814732934
7242.41257379567 19454.11761473139
7278.783413794764 20023.595614731617
7312.7045537959475 20611.783214733237
7240.135793795685 20773.472014734692
7052.892253794572 21110.790814732412
6964.040193794464 21343.641614735247
6809.564993795398 21468.493614735566
6746.132173795414 21553.342014731355
6653.014753794608 21714.848814733272
6578.947353795262 21849.82001473287
6479.48953379613 22075.936814732017
6263.685373795043 22626.850814732563
6141.085093795773 22949.682414731684
6071.3695137960885 23276.51801473621

Redwing
5366.662873794958 19554.618014734217
5143.76899379498 19550.359214733588
5006.239953795312 19579.87961473458
4844.934413794242 19643.142814734176
4725.907813795779 19702.183614736157

Lupin
6176.533693794328 18936.400414736
6180.597313794718 18998.353214735802
6212.673973794825 19219.519614733996
6126.530993795659 20351.741614735944
6103.936113795777 20840.08401473204
6094.050853794933 21053.64281473186
6071.023673796142 21628.14401473389
6045.287413794363 22258.77401473491
6013.9024337961955 22811.471614733022
5976.638173794852 23459.610014734324
5955.3113737954545 23573.542014731174
5968.1939137944655 23799.29481473124
5965.398373794561 23945.477214732535
5941.016653794276 24690.585214734198
5941.506593795905 25273.276414736243
5905.423953796084 25525.637614734307

Bridges
5370.3518337950645 20755.1628147354
5401.477433794295 21135.724814731533
5454.3909537962645 21573.36201473254
5488.686753795683 21911.08121473235
5480.790073795552 22167.84681473274
5477.763973795001 22509.89761473403
5486.265873796062 22726.9508147333
5500.848793794465 22844.195214735235
5531.225073795178 22970.139214732797
5558.546433795004 23030.23561473418
5591.372413795676 23072.860014733124
5635.697573795575 23101.943614734184
5714.693193795175 23135.83201473449
5750.54527379435 23155.2332147362
5797.320133796255 23200.769614732963
5823.43105379627 23258.900414732067
5861.098793796185 23384.880814732638
5886.633313795608 23450.764814731825
5915.165113795244 23511.807614733923
5955.3113737954545 23573.542014731174

Chickadee
6180.597313794718 18998.353214735802
6077.392893794806 19154.400014735984
6051.916013796057 19473.773614733487
5937.183593794533 19769.66921473337
5706.306573795462 20208.798814733713
5642.297353794885 20312.902814734683
5481.107093795161 20575.019214732947
5370.3518337950645 20755.1628147354
5302.970673796038 20864.726814732934
5078.837533795912 21023.94041473133
4987.852793795456 21069.768014731493
4914.851733796284 21074.026814732122

Little Bird
3240.352093794496 17392.894814735824
3238.997553795049 17713.797214735678
3245.770253794332 17918.98401473594
3220.379833794546 18261.835614736243
3171.299373794366 18550.7060147342
3166.2270537944764 18807.144014733352
3176.3716937942563 19063.618414735516
3191.6174737942624 19430.748814732455
3259.3156537949453 19738.51081473134
3286.291173794825 19928.773614733076
3268.0769337949414 20296.450014733808
3243.0611737954378 20552.342014734335
3227.440733795149 20712.174414732202
3223.233013795124 21075.410014732766
3221.820833795003 21336.907614731557

Downhill
4787.207953795413 16539.67881473295
4623.2797937944115 16528.431214733417
4397.15807379562 16677.45281473168
4234.670913795076 16966.869214733437
4137.172853794272 17251.954014733714
4135.703033795525 17316.272814732714
4132.388733795702 17462.273214734465
4130.428973795326 17547.813214735754
4164.263653795499 17865.29401473183
4218.416433795568 18333.944014733162
4219.281033795432 18463.60081473273
4221.125513794462 18735.654414735905
4145.155993795413 19263.818414731817

Encore
4595.180293795731 17391.002014734397
4600.5119937945565 17507.88241473208
4501.40001379537 17665.27601473507
4398.137953794784 17937.948414732546
4343.985173794716 18156.603214735012
4290.1494137942545 18322.004814733304
4219.281033795432 18463.60081473273

Roller Coaster
4652.820293795597 15184.070014735313
4415.257033796204 15388.674414733941
4233.633393795238 15671.50241473371
4102.588853795581 15865.259614734896
3990.8248937959825 16030.515614731485
3740.09089379626 16414.572014732243
3721.156153796147 16449.079214732024
3594.261693795842 16678.290014733706
3472.5548337947257 16894.979214733896
3240.352093794496 17392.894814735824
3127.262413795788 17612.787214732067

Big Bird
3536.7657937956124 14738.170014733441
3293.352073795428 14986.490814733428
3030.1390137952667 15288.974814735298
2846.1809537956883 15207.693614734637
2718.8253737961377 15180.612014733697
2673.5203337950265 15433.446414734703
2582.9678937955264 15853.284014732026
2489.562273795448 16191.876814731699
2444.2860537946744 16426.656814733804
2486.737913795207 16805.8720147323
2540.4583937943203 17163.320014735065
2589.62531379551 17698.873214731975

Hully Gully
5642.527913795531 18590.12721473192
5511.368093794527 18546.410814735736
5350.062553795505 18719.38361473457
5249.567213794487 18980.88121473336
5109.386733794551 19136.96441473138
5027.3938337947375 19200.227614736148
4887.242173795138 19339.421214733364
4781.443953795631 19533.46961473278
4649.217793794453 19681.10801473557
4416.496293794305 19866.711614734584
4300.149953794398 20014.3500147322
4234.036873795857 20292.737214731802
4162.966753794677 20431.020814731313
4086.9972337956283 20549.794014735595
3880.7613137957774 20691.68121473325

Round About
3530.454213795575 17058.59721473462
3528.782653794471 17247.586014734396
3510.1649337960152 17514.83481473315
3498.319913794795 17730.832414733017
3501.691853795292 17892.776014734864
3483.9963737953267 18293.066814733946
3477.1948537957073 18396.297214735056
3457.1361337947465 18700.819614734883
3438.864253796237 19076.431214735236
3411.8022737953465 19429.001614732726
3385.3743337957226 19761.588414732047
3286.291173794825 19928.773614733076

Swell
5685.008593794353 18696.269614736026
5392.370313794353 19495.504414731386
5366.662873794958 19554.618014734217
5193.973433796007 19951.85121473378
5152.616733795986 20046.964414735725
5141.117553794712 20073.390814734183
4879.31667379467 20347.555614736164
4673.023113796194 20486.78561473122
4551.373893795751 20575.34681473419
4380.961233794738 20604.102814734004
4350.383213795763 20609.089614732795
3880.7613137957774 20691.68121473325

Follow Me
5063.04417379565 15086.918414735408
5058.404153794669 15403.41641473293
5023.3013937960595 15543.629214731709
4973.500433795651 15742.009214732605
4903.756033795629 15997.20961473281
4857.442293795018 16166.396814733958
4787.207953795413 16539.67881473295
4772.509753795663 16617.86601473625
4759.800133794577 16750.507614734488
4735.73543379595 17001.594814735767
4738.012213795935 17046.075614733127
4755.534773795926 17389.87361473414
4777.380333795243 17437.193614733646
4807.180213795364 17472.756414732827
4915.745153794438 17536.529214733207
4961.309573794485 17635.31881473415
4996.12413379587 17710.412014734913
5296.169153794371 18026.436814734665
5384.041333795314 18122.787614735556
5485.804753794769 18234.098814732817
5642.527913795531 18590.12721473192

The Acts
4738.012213795935 17046.075614733127
4595.180293795731 17391.002014734397
4580.943213795225 17424.999614733395
4447.2472337953 17476.323614733134
4325.36745379626 17422.306014732952
4230.5784737943495 17376.405614731935
4192.13259379558 17380.300414733483
4132.388733795702 17462.273214734465

Water Tank
6103.936113795777 20840.08401473204
6236.479293794517 21203.64721473385
6266.942033796241 21578.894814735122
6312.650553795923 21946.02521473206
6263.685373795043 22626.850814732563

Christmas Tree
5642.297353794885 20312.902814734683
5672.702453795935 21478.030414733214
5783.774733795642 21866.090814734205
5934.5321537942655 22258.41001473583
6013.9024337961955 22811.471614733022

Spring Canyon
3477.1948537957073 18396.297214735056
3551.0893337950806 18458.832414731318
3661.1817337956227 18470.152814731704
3728.7069937942847 18695.468814731837
3735.652613795588 18718.510014734704
3755.9707137954847 18953.362814732485
3784.7330737957677 19242.23321473562
3764.4149737958714 19522.98641473442
3674.727133796236 19890.153214734368

Ginger Bread
3469.9322137947947 19107.26201473602
3573.1654537950435 19161.24321473319
3618.8739737947258 19352.92561473341
3623.946293794616 19425.798414731504
3601.956633795663 19606.670014732117
3581.6385337957668 19857.757214733396

Holiday
5642.527913795531 18590.12721473192
5685.008593794353 18696.269614736026
5710.399013796187 18759.642014734312
5847.928053795855 18873.501214735483
6013.095473794957 18908.627214734737
6125.637573795457 18932.578414735304
6172.67181379425 18936.109214732598
6176.533693794328 18936.400414736
6435.07791379522 18957.876414733506
6723.364373795559 19101.292414733507
6828.7879337947825 19216.862414731397
6887.3501737951865 19227.127214732376
6945.8835937952545 19209.072814733474
7103.067873795263 19069.7700147324
7162.408253794521 19016.917214735484
7261.17439379581 18999.736414731273
7352.706713794474 18983.82961473419
7453.346153795128 18966.32121473391
7615.25691379508 19080.944814736256
7686.096473795614 19130.812814734498
7828.928393795817 19168.778014735894
8093.438353794752 19185.66761473153
8162.462253794545 19184.757614733826
8250.01741379588 19183.62921473357

Round Robin
3872.3170537953906 16929.34081473197
3858.771653794777 17218.174814732094
3848.1370737954153 17357.51401473618
3835.081613794384 17528.630414731422
3843.5546937951076 17728.430014735975
3894.306713794343 17911.99521473186
3907.8521137949565 18098.254014733357
3896.007093795784 18346.647614734196
3906.1517337955634 18586.88761473286
3967.1060337952526 18835.24481473586
3958.632953794529 19062.016814732317
3926.4698337954596 19337.382814735407
3892.635153795287 19588.470014731512
3836.7819937958247 19847.601614736275
3753.8380337951353 20117.58041473331
3708.1583337957895 20187.759614736136

Juniper
6126.530993795659 20351.741614735944
6368.503713795386 20787.92281473545
6551.308973795827 21071.369614734693
6723.04735379595 21387.212414734902
6746.132173795414 21553.342014731355

Crosswalk
4716.454853795891 15377.390414731395
4566.245013795475 15556.223614734052
4432.95251379617 15819.43201473473
4255.248393795955 16011.769614732259
4132.532833795338 16180.520014733474
4043.680773795231 16369.472414735412
3969.6421937962214 16399.866414736265
3721.156153796147 16449.079214732024

Gretel
2839.5811737943304 18399.50041473628
2853.126573794944 18674.8664147342
2842.981933795164 18898.944814735387
2754.965653794585 19074.42921473512
2616.19735379477 19193.20241473423
2596.2250937948197 19225.707614733892
2582.7949737955537 19264.10961473522
2569.8259737955327 19304.732014734043
2562.9091737945655 19356.492814733712
2563.4567537948215 19414.69641473367
2570.949953794333 19473.664414734798
2600.9803937951006 19546.864814734137
2700.812873794516 19757.40241473227
2713.3783937959647 19810.983214732518
2719.430593795019 19862.707614734347
2726.2032937943018 20000.372414734386
2710.986333794632 20146.154414733588
2655.13317379517 20324.33241473376
2626.34199379455 20672.571214734944
2660.2054937950597 20788.687214731453
2748.192953795302 20899.3432147314
2822.6638337952677 21001.95481473304
2947.915553794806 21142.31321473352

Blue Jay
5193.973433796007 19951.85121473378
5141.117553794712 20389.743214735176
5051.19915379443 20773.61761473122
4914.851733796284 21074.026814732122
4754.612533795388 21172.925614731754
4555.610433796113 21329.55481473357
4307.499053794274 21552.177214733263
4214.352813795179 21623.48481473117
4096.709573794452 21680.596414733885
3960.0451337946497 21686.49321473555
3871.1354337959165 21602.591214735297
3872.6340737949995 21560.367214733276

Avalanche
5023.3013937960595 15543.629214731709
4971.972973796231 15592.98761473434
4867.183453796226 15718.60401473583
4740.317813796257 15812.916414733592
4534.514193795314 15940.935214732122
4293.319613794442 16045.512414736038

Red Tail
5152.616733795986 20046.964414735725
4934.852813794524 19984.79321473337
4768.215573794628 19883.56481473238
4609.561473795873 19820.301614732783

Lower Grizzly
5384.041333795314 18122.787614735556
5366.201753795713 18185.868814735615
5309.945113795631 18402.084814732858
5257.925013795911 18548.958814734477
5207.634113795921 18660.48841473429
5135.1518137946205 18782.865214731544
5062.410133794384 18812.058014731294
4844.934413794242 19056.811614736147
4667.720233795657 19124.29721473336
4551.373893795751 19335.198814735748
4416.496293794305 19592.51041473476
4038.1761537943844 19932.923214735012

Manzanita
6180.597313794718 18998.353214735802
6475.397093795404 19216.862414731397
6640.70861379619 19396.132414733984
6703.507393794908 19686.1312147322
6739.87823379605 20065.74681473279
6799.391533795281 20223.941214734794
7001.073893795162 20503.384014733798
7240.135793795685 20773.472014734692

X-Course
3717.2366337953945 15199.430814733772
3563.2801937962467 15224.692414734136
3388.9191937961923 15376.407614732841
3142.1335337955115 15697.856014731315
3010.8007937945345 16073.46761473167
2831.9438737951828 16503.242414733904
2750.412093794614 16835.538014734993
2677.9586137956985 17138.89561473155
2651.617133795037 17375.932414734165
2633.057053795207 17546.06601473603
2634.0081137960824 17689.554814731706

Pumpkin
8162.462253794545 19184.757614733826
8160.617773795517 19288.060814735785
8106.43617379511 19518.94601473117
7924.466693796245 19869.914814735806
7738.26067379497 20318.7268147355
7571.075853794818 20544.807214731634
7473.750713796035 20720.291614731366
7355.271693795779 21084.728414733036
7147.8829737947435 21526.80641473421
6940.523073796092 21867.619614731382
6747.976653794442 22235.441614733816
6536.409033795766 22448.05401473292
6379.829973794639 22657.244814733418
6221.147053795547 22974.470814734275
6071.3695137960885 23276.51801473621
6022.433153795545 23494.772414731415
5968.1939137944655 23799.29481473124

Gremlins Gulch
5451.825973794959 9002.694814731456
5241.094133795811 8762.2000147324
5080.653193794605 8604.952014736284
4906.6668537948335 8435.400814736056
4711.440173794626 8271.964814734873
4572.26839379624 8164.075214736215
4355.743733794925 8130.150414732896

Waterfall
6146.9931937951915 11316.133214733725
5844.930773795641 11730.438014733636
5536.844973795324 12164.034814731394
5240.8347537948275 12824.039614731702

Goldhill
8063.436733794322 12726.815214736122
8039.602593794292 12571.6420147358
7891.986553795519 12540.774814732004
7798.552113795104 12522.101614733629
7559.288473794271 12586.092814731386
7385.302133794499 12748.691614735719
7338.757833795289 13000.43401473431
7245.121653794564 13703.791214731722
7278.351113795856 14344.540414732022
7309.332613795451 14809.15001473528
7517.095993794722 15399.121214734463
7557.184613794258 15793.915614733976
7565.859433795292 16010.095214733383
7669.29441379585 16863.020014732854
7875.674433795338 17380.191214734794
8003.347033794497 18516.562814733505
8109.375813794651 18858.759214731323
8228.604153795472 19111.26601473626
8250.01741379588 19183.62921473357
8286.3306137943 19440.649614734353

Back For More
6218.207413796007 15653.812014733887
6388.447153794999 15791.731614734317
6603.501993795519 15880.365614732966
6794.405673794354 16092.359214732596
6905.564413795071 16412.242414736058
6965.999953794841 16743.66441473211
6949.082613795778 17048.150414734097
6808.902133795843 17325.664014733833
6733.99895379492 17664.802814732127
6713.046813795806 18096.870814732712
6745.930433795103 18343.480814735984
6887.551913795497 18722.25921473455
7103.067873795263 19069.7700147324

Havent The Foggiest
6291.842513794397 15460.16401473139
6482.6885537946055 15583.596414733222
6661.516653795668 15683.805614732648
6818.585653794329 15857.251614734423
6915.651413796225 16131.452814734246
6985.338173795573 16466.187214735386
7045.744893795007 16855.448814732314
7118.227193794259 17202.30441473285
7176.241853794407 17595.424414733487
7270.483253796061 17953.855214734802
7379.221113795109 18300.71081473534
7393.746393794886 18528.10161473127
7355.06995379547 18898.107614733362
7352.706713794474 18983.82961473419

West Bowl
6063.6169337955935 10324.779214733042
5783.313613794348 10193.73921473283
5435.340933794805 10247.684014732158
5135.6993937948755 10297.770414732951
4925.486313795646 10293.912014734417

Spook
6299.595093794892 14770.893614735654
6206.33357379445 14754.404414731765
5786.3685337952365 14680.221214733876
5494.969513795384 14446.67881473589
5427.674813795321 14380.358014731599
5036.126293794397 13994.445214732423

Dragon Alley
8520.060813795997 15256.178414732232
8616.723093795226 15522.116814731191
8633.640433794288 15888.26441473475
8587.730173794296 16134.91081473586
8582.888413795052 16346.90441473549
8611.881333795982 16574.29521473142
8604.647513795406 16986.670814732064
8575.625773796188 17348.960014731914
8570.812833795233 17734.36321473548
8614.302213795603 17965.61241473512
8698.888913795012 18154.455614733193
8710.993313795168 18327.90161473497
8698.888913795012 18447.366414734402

World Cup
5834.670853794513 9661.862414734913
5402.716693794443 9276.459214731347
4916.408013796041 8891.056014732952
4686.85671379608 8693.513214734083

Sunshine
6089.209093795689 15813.244014734835
6052.607693795949 15862.566014734455
5972.80511379511 16354.402814735182
6018.715373795102 16793.787214735916
6156.446153795079 17287.116414735978
6296.597813794678 17714.88921473292
6371.529813795936 18427.892414731843

Sanctuary
6789.362173794801 12289.469214733344
6582.521033796068 12330.34641473256
6271.265033795565 12577.757214734846
5910.2368937949905 12763.542814733399
5642.499093795194 12931.56521473128
5558.892273794951 13055.689214733433
5302.740113795391 13006.330814735975
5119.099073795423 13071.086414734908
5026.298673796274 13281.51481473435
4826.720173794358 13414.884414735923
4648.670213796246 13309.106014736073
4395.6306137962 13367.091214733478

Solitude
7008.307713795737 12590.788414731946
7052.776973795272 12576.046414732957
7255.785053794263 12659.293214735897
7385.302133794499 12748.691614735719
7219.9041537947505 12886.684014731827
6942.7998537960775 13119.389214732963
6695.034313796232 13467.264014735065
6368.417253794375 13818.59681473361
6228.063853794467 13816.594814733491
5983.353233795509 13965.871214732146
5692.991733795495 14025.239614735368
5309.195793795066 14077.25521473543
5036.126293794397 13994.445214732423
4819.947473795075 13852.485214733917
4668.09489379594 13839.672414734196

Rooster Tail
6479.258973795483 10694.639614733433
6143.96709379464 10810.282414732172
5835.881293794324 11041.53161473181
5663.710613795292 11239.038014732841

China Bowl
5618.40557379623 11383.582414733099
5419.028813794624 11744.888814734395
5198.555813794267 12053.233214734917

Shaft
5896.633853795751 17366.031614732266
5868.880193794969 18015.5168147312
5755.3005737946305 18366.230814735445
5685.008593794353 18696.269614736026

Saddle Bowl
6115.57939379464 9926.818014735318
5922.254833796184 9816.016414733667
5550.7362137958835 9666.667214734161
5088.5786937950725 9758.213214735804
4768.417313794937 10047.265614733305
4526.790433795157 10509.764014732582
4405.976993794242 10774.719614732987

Slot
7557.184613794258 15793.915614733976
7686.701693794495 15913.344014735572
8026.892973795255 16466.187214735386
8358.005953794362 17136.784414732745
8391.840633794534 17472.101214735518
8447.405593794723 17753.43681473595
8544.211973795636 18088.935614733087
8638.482193795578 18351.01561473351
8648.136893795778 18547.57561473383
8604.50341379577 18809.473614734714
8406.337093796023 19156.32921473525

Dry Creek
6754.6340737944265 11787.003614732555
6478.048533795672 11840.366014735424
6000.789333794491 12196.867614732299
5665.497453795696 12794.264414735495

Ricochet
8167.217553794826 12604.584014735394
8326.707433795156 12978.448414736022
8437.89499379621 13718.424014732023
8522.481693795618 14431.427214736119
8411.294133794565 15537.550414735677

Repeat
6713.046813795806 18096.870814732712
6584.163773794788 18293.03041473611
6483.95663379509 18356.584814733935
6371.529813795936 18427.892414731843
6248.266673795064 18651.46121473225
6176.533693794328 18936.400414736

Coyote
5138.120273794498 12016.687614732007
5022.148593794875 12571.67841473364
4758.76261379474 13041.89361473516
4473.617533794251 13226.8784147347
4202.997733795589 13207.622814734692
3900.9641337943267 13003.346014732131
3809.921753795244 12901.571614732518

Ricochet
8411.294133794565 15537.550414735677
8413.715013796234 15888.26441473475
8442.707933795116 16177.31681473225
8449.97057379603 16377.735214736276
8399.218553794746 16639.815214731527
8404.060313796037 16844.055614736248
8440.287053795495 17025.218414735093
8457.204393794558 17229.45881473464

Center Bowl
6191.693013795373 10606.114814733473
5297.610153794828 10848.90281473605
5133.278513795254 10852.761214734584
4952.058353794907 10883.59201473537
4775.67995379585 10929.856414735468
4604.1144937957 10983.801214734796

Face of Five
7008.307713795737 12590.788414731946
6905.852613794343 12693.181614736204
6681.604193794918 12958.35561473399
6428.3340337962745 13386.929214735119
6228.063853794467 13816.594814733491

Wazoo
9129.546173794262 13995.100414734907
8953.801813794424 14367.83641473528
8741.139033795236 14683.861214735032
8562.282113795884 15023.036414731167

Dragons Back
8880.800753795253 13277.256014733723
8748.372853795812 13643.25801473558
8540.551833795867 14074.925614734071

Dragons Tail
9326.012113794615 14733.984014733665
9263.155693795225 15809.240014734598
9139.921373794688 16661.000014735975
8956.222693796093 17894.304814732037
8801.54575379467 18607.308014736132
8712.117293796016 18815.443214732055

Head Chutes
8670.962333794258 12852.395214734599
8470.461593795899 13539.190414732446

Daves Run
8208.516613796222 10743.998014736064
8254.599793796187 11194.70281473201
8180.87823379474 11733.604814731847
8024.21271379465 12257.801214735708
7891.986553795519 12540.774814732004

Skyline
6489.893553794845 7663.684414731222
6330.144293795578 7659.789614734847
5973.842633794948 7671.546814735166
5777.232593794957 7679.372814736098

MJBs
6974.588313794864 9299.06361473428
6794.117473795081 9335.82761473457
6506.119213796063 9348.058014732658

Cornice Bowl
6867.060893795628 8582.602414733741
6728.8401737960685 8888.799214732444
6498.453093794531 9225.608414734552
6233.510833794639 9488.92601473392
6072.234113795953 9574.648014734748

Hangmans Hollow
7008.99939379563 9600.455614733732
6859.279493794796 9618.510014732636
6695.697173795787 9630.522014733344

Climax
7339.161313795908 9999.326814734331
6838.442633794981 11375.974814734718

White Bark Bowl
4830.610873794774 5706.420014734931
4580.972033795562 5847.5064147335725
4325.4250937948855 6054.440414733563
4048.2343337952016 6399.330414731821

Kiwi Flat
5279.1941737946345 5520.1976147312735
5128.235013795701 5562.822014735389
4882.8903537954775 5640.572414733583

Scottys
6251.523333796261 7075.824414736018
6084.424973795072 7271.765614731692
5764.955273794829 7491.257614736185
5467.619333795221 7585.315214733555
5234.177333794843 7636.275214734213

Philippes
5452.200633795242 5743.438814735611
5290.203413794279 5776.016814736124
5060.594473795692 5781.040014732753
4887.616833795421 5801.132814734785

Wipeout Chutes
6647.337213795837 8061.5728147332675
6444.473233794434 8069.107614735969
6189.675613794323 8074.130814732598
5955.3401937957915 8071.619214731698
5721.033593795549 8066.596014735069

Huevos Grande
7747.713633794858 10665.592414735385
7799.935473794888 10841.98681473282
7885.963173794754 11116.333614734343
7898.240493794883 11542.541214736275
7839.879993794789 11865.882414736177
7664.798493794506 12360.667614732563

Dropout Chutes
6713.277373794405 8270.363214731675
6541.2507937950095 8583.876414735698
6191.087793794443 8907.2176147356

Paranoid Flats
5828.849213796106 6668.217214731612
5504.480113795946 6754.448814733223
5150.628153795273 6777.963214733859
4516.674613795713 6762.274814734155

Starr Chute
5198.988113795223 5399.786414731125
5096.7635737944765 5429.889214733748
4963.096413794888 5447.434014731869
4807.41077379601 5495.1180147356245

Santiago
7210.422373794526 6260.46441473585
7246.130353796113 6227.449614735406
7261.981353795001 6015.456014735775
7215.6387937961 5706.201614732379
7084.53661379577 5213.127214732708
6948.275653794539 4691.952014735705
6861.585093795118 4255.8436147318735
6801.553033795967 3859.2292147317835
6754.864633795073 3629.800014732723
6703.4209337959455 3509.7528147316552
6616.701553796187 3430.7284147315045
6464.272573794412 3415.5132147347445
6278.470033795804 3421.5920147359498
6053.61639379545 3374.4904147338275

Training Wheels
4867.212273794515 4244.086414731555
4824.4145737960835 3923.5480147359567
4796.516813795665 3703.910414734935
4781.616873795605 3413.0744147346945
4833.723433794287 3154.8528147328057
4971.425393795976 2869.91361473423
5088.665153796083 2691.8448147327467
5213.340473795029 2528.627214734115
5308.215913795901 2377.2396147314794

Upper Road Runner
7556.723493795013 10203.239614732638
7402.968793796175 9961.616414733327
7270.195053794741 9843.207214733298
7130.821533796045 9659.423614734862
7049.635593795422 9405.606414735303
7036.551313796102 9054.310014734598
7072.57631379525 8817.892014731457
7146.845453794906 8547.512814732328
7167.595853795759 8318.010814732417
7099.897673795075 8055.421214731212
7018.798193795463 7787.990414732917
6885.2463137951745 7404.807614732022
6774.894533795697 7220.004814732021
6639.498173794331 7078.044814733516
6402.309573795222 6888.400814731256
6285.213913794751 6846.5772147313255
6132.035613794457 6807.73841473524
6092.321653795203 6792.996414736252
6024.62347379452 6749.571214733123
5987.906793795481 6722.890014734276
5967.93453379553 6686.635614734769
5964.937253795316 6645.212414731759
5977.416313795755 6612.161214733476
5990.673513795047 6597.018814732393
6005.169973794489 6589.848014733945
6037.1889937959695 6593.488014735101
6130.940453795994 6617.803214734749
6234.60599379515 6629.960814731987
6332.16169379458 6581.330414732691
6390.868033794621 6567.971614734347
6463.263873794911 6569.172814735452
6592.089273795255 6541.217614734649
6685.091413794715 6492.587214735351
6733.854853795285 6468.272014735703
6823.888533794866 6410.468814732667
6959.659553794467 6342.109614735591
7112.088533796242 6290.822014733692
7172.841093795621 6269.928414732647
7185.003133794403 6196.509614735931
7179.642613795241 6101.5784147335235
7114.278853795217 5995.763614735835
7007.097273795926 5889.402814734353
6867.723753795182 5841.9372147331505
6689.097393794429 5807.7212147316
6605.721133794832 5819.114414732838
6525.91855379604 5824.829214734962
6475.887033794986 5733.6472147324
6412.77123379461 5555.105214733147
6335.360713795105 5327.168414733422
6234.116053795568 5131.518414735979
6068.573973796184 4987.156014735263
5917.32661379593 4894.081214731273
5774.408233794717 4848.508414731497
5594.60025379449 4814.32881473296
5339.716173795415 4761.112014731793
5172.992473794508 4749.718814735729
5024.137173795587 4669.966414732244
4875.281873794618 4521.782014736004
4823.924633794453 4398.386014732012
4759.973053794551 4208.814814735774
4653.166133795543 3984.263214731641
4524.773033796154 3782.425214734303
4286.6045537958325 3705.257214732569
4145.1848137957495 3675.59121473505
3964.713973795968 3556.8544147337775
3845.629733794783 3390.6520147313017
3748.8521737962556 3218.516414734495
3707.95659379548 3189.6512147359886
3626.9723937951667 3179.0224147359254
3518.378633795756 3262.596814734934
3403.0986337960244 3399.3516147320975

Oops
5071.920733794946 3956.198814732147
5170.54277379455 3697.977214735431
5226.3671137957235 3433.8224147340384
5267.291513794788 3128.135214736119
5339.860273795051 2896.6312147360895

Surprise
4923.036613795688 4238.153214732051
5021.658653795292 4077.884014734252
5029.123033794467 3784.0632147353404
5058.894093794251 3490.242414731256
5099.818493795364 3208.2880147313517
5207.7493937952195 2961.932814733643
5347.295833795937 2760.1312147341446

Arriba
6489.835913796219 6507.220014735651
6514.909313794348 6316.520414733986
6522.633073794506 6098.1204147319095
6526.494953794585 5947.388014731758
6533.037093795269 5740.490414734779
6550.905493795207 5441.318814732824
6553.902773795421 4990.213614734785
6544.968573795452 4790.814414732324
6528.598813794598 4425.103614733871
6466.059413794816 4128.334414734127
6358.877833795525 3890.8972147345935
6198.091053794373 3658.1920147334586
6020.934513794414 3418.388814734726
5906.288553795949 3242.686014732442
5694.922673795534 3002.8828147337094
5505.834653795392 2741.712814736161

Hemlock Bowl
6143.650073795031 2446.4360147357525
5960.412513795682 2288.787614732371
5760.315253795895 2231.0936147331972

Santiago Bowl
7343.801333794842 4783.461614734335
7098.860153795238 4309.752014733363
6867.406733795573 3995.9840147341197

Lower Road Runner
2632.4230137959885 6180.639214731514
2489.7063737950843 6208.339614731926
2320.0142137943003 6328.314014732143
2113.6918337954867 6497.501214733291
1915.0643937944465 6703.598014731256
1871.0562537962048 6798.347214734122
1843.417873794722 7009.358014735199
1848.3460937949758 7237.731614734856
1882.9012737953776 7396.799614731549
1934.2296937952055 7596.817614733482
1967.8049937943954 7738.559214734607
1978.6701337944037 7965.3676147340775
2005.3286337946745 8218.930014733247

Juniper
6038.7452737957265 20290.080014734373
6126.530993795659 20351.741614735944

Ski Back Trail
2570.949953794333 19473.664414734798
2526.2213137958624 19800.099614732062
2502.01251379555 19864.01801473414
2481.492673795344 19901.182414731353
2389.239853794403 19977.00361473545
2238.2806937954697 20097.4148147356
2162.801113796003 20192.528014732376
2122.712493794418 20256.446414734455
2057.4928337960782 20369.432014735765
2034.0621737946208 20456.682814733766
2033.2552137954294 20540.402814734476
2033.2552137954294 20773.799614735937
2068.674993795696 21053.242414734937
2066.8016937942825 21137.98161473204
2064.006153794378 21247.98241473468
2047.2329137949514 21473.953614732123
2061.2106137944734 21638.954814733494
2128.303573796275 22018.024414735464
2137.6412537948154 22229.10801473222
2145.076813795701 22484.78161473537
2177.7010537960637 22728.588814734336
2205.6564537951076 22875.754014734186
2210.325293794378 23008.06801473118
2200.987613795837 23121.05361473249
2188.883213795681 23256.31601473549
2151.6189537943374 23369.301614731627
2116.199173796119 23437.660814733874
1989.4488137954497 23520.90761473164
1909.3292137950016 23578.892814734216
1781.6566137958418 23614.56481473209
1691.2482737959776 23621.990414736105
1634.4152337953033 23623.48281473544
1594.3554337961032 23645.79601473497
1558.0134137952982 23676.990814734836
1515.1292537958568 23770.648014735285
1469.4783737948 23901.469614732945
1433.1363537960428 23950.536814732175
1401.434353796219 24007.029614735417
1328.750313794609 24228.523614734855
1295.203833795756 24457.44321473313
1254.2217937960174 24623.93681473384
1175.9466737945986 24890.020814734497
1093.0027137959569 25111.514814733935
1071.5606337952124 25182.895214732696
1066.9206137962788 25288.418814732155
1078.1027737958966 25481.666414732557
1056.660693795152 25597.636814732537
1031.5008337960123 25703.160414731996
1018.4453737949809 25814.653614733972
1029.6275337945985 25938.04961473279
1040.809693796264 26051.0352147341
1033.3741337953782 26217.528814734804
1032.423073794503 26373.61201473283
1054.787393795786 26476.187214731453
1079.0250137943872 26560.89001473589
1117.2403337945582 26650.106414736172
1121.8803537955396 26746.712014732282
1106.0581737949406 26825.518014735055
1117.2403337945582 26889.43641473196
1139.6046537958412 26954.847214733378
1144.2446737947748 27073.76601473419
1153.5823537953634 27137.68441473627
1161.4213937948207 27209.21041473156
1188.483373795711 27287.652414735247
1299.1521737947978 27438.712414731468
1362.700273796129 27521.631614733167
1401.117333794562 27528.11081473129
1450.3130737960887 27540.778014734486

Quicksilver
6320.201393796108 14576.554014732836
6637.653693795302 14815.774814735107
6779.909213794913 15059.436414732374
6859.654153795079 15290.685614732012
6934.586153794289 15780.15641473354
7022.28541379526 16190.602814734917
7178.259253795457 16429.860014735026
7316.393513796053 16563.156814735747
7503.982893795064 17030.933214732046
7573.929033795396 17409.020014735463
7601.1927537945485 17729.922414735312
7601.1927537945485 18265.730414732614
7575.629413794789 18649.240814734752
7599.492373795155 18940.258814734534
7615.25691379508 19080.944814736256

Avalanche Chutes
5574.5127137952395 16446.640414731974
4953.989293794946 16591.07561473354
4787.207953795413 16539.67881473295

Lower Via
4961.309573794485 17635.31881473415
4803.318333795285 17821.432014733942
4688.297713794489 18032.69761473541
4586.188453795088 18288.298414732537
4526.76161379482 18549.031614735326
4509.267873795165 18792.584014733904
4396.8698737943005 19151.961214735933
4349.057493794605 19326.13521473587
4284.443053795147 19569.360014733207
4310.582793795498 19638.738414731848

Via
5514.163633794432 16567.961614735
5328.591653794423 16918.38441473584
5208.354613796149 17122.006014735918
5043.561853795282 17363.520014731363
4961.309573794485 17635.31881473415

Grizzly
5396.433933794742 17228.403214735237
5385.194133794451 17443.74561473262
5398.681893794391 17590.87441473463
5415.570413795164 17653.700814734293
5406.549753796233 17890.55561473219
5416.694393796013 18046.675214733226
5384.041333795314 18122.787614735556


